[general]
temp-day=6500
temp-night=3000
fade=true

dusk-time=20:00-22:00
dawn-time=05:00-07:00

location-provider=manual

[manual]
lat = 35.736155
lon = 139.622795
